3.7526632818886156
3.8295333528033657
3.840825502193724
3.7998437507738325
3.8210337777926893
3.7868918535346068
3.758870619415028
3.8544337909820117
3.7045333528033653
3.8279729548328993
3.8207168072280524
3.7977803849724197
3.854433790982011
3.800860885858898
3.800497562960808
3.752367633875558
3.8467740254246197
3.884373587245974
3.8208590315229953
3.7151279170353813
3.7526632818886156
3.8295333528033657
3.840825502193724
3.7998437507738325
3.8210337777926893
3.7868918535346068
3.758870619415028
3.8544337909820117
3.7045333528033653
3.8279729548328993
3.8207168072280524
3.7977803849724197
3.854433790982011
3.800860885858898
3.800497562960808
3.752367633875558
3.8467740254246197
3.884373587245974
3.8208590315229953
3.7151279170353813
3.7526632818886156
3.8295333528033657
3.840825502193724
3.7998437507738325
3.8210337777926893
3.7868918535346068
3.758870619415028
3.8544337909820117
3.7045333528033653
3.8279729548328993
3.8207168072280524
3.7977803849724197
3.854433790982011
3.800860885858898
3.800497562960808
3.752367633875558
3.8467740254246197
3.884373587245974
3.8208590315229953
3.7151279170353813
3.7526632818886156
3.8295333528033657
3.840825502193724
3.7998437507738325
3.8210337777926893
3.7868918535346068
3.758870619415028
3.8544337909820117
3.7045333528033653
3.8279729548328993
3.8207168072280524
3.7977803849724197
3.854433790982011
3.800860885858898
3.800497562960808
3.752367633875558
3.8467740254246197
3.884373587245974
3.8208590315229953
3.7151279170353813
3.7526632818886156
3.8295333528033657
3.840825502193724
3.7998437507738325
3.8210337777926893
3.7868918535346068
3.758870619415028
3.8544337909820117
3.7045333528033653
3.8279729548328993
3.8207168072280524
3.7977803849724197
3.854433790982011
3.800860885858898
3.800497562960808
3.752367633875558
3.8467740254246197
3.884373587245974
3.8208590315229953
3.7151279170353813
3.7526632818886156
3.8295333528033657
3.840825502193724
3.7998437507738325
3.8210337777926893
3.7868918535346068
3.758870619415028
3.8544337909820117
3.7045333528033653
3.8279729548328993
3.8207168072280524
3.7977803849724197
3.854433790982011
3.800860885858898
3.800497562960808
3.752367633875558
3.8467740254246197
3.884373587245974
3.8208590315229953
3.7151279170353813
3.7526632818886156
3.8295333528033657
3.840825502193724
3.7998437507738325
3.8210337777926893
3.7868918535346068
3.758870619415028
3.8544337909820117
3.7045333528033653
3.8279729548328993
3.8207168072280524
3.7977803849724197
3.854433790982011
3.800860885858898
3.800497562960808
3.752367633875558
3.8467740254246197
3.884373587245974
3.8208590315229953
3.7151279170353813
3.7526632818886156
3.8295333528033657
3.840825502193724
3.7998437507738325
3.8210337777926893
3.7868918535346068
3.758870619415028
3.8544337909820117
3.7045333528033653
3.8279729548328993
3.8207168072280524
3.7977803849724197
3.854433790982011
3.800860885858898
3.800497562960808
3.752367633875558
3.8467740254246197
3.884373587245974
3.8208590315229953
3.7151279170353813
3.7526632818886156
3.8295333528033657
3.840825502193724
3.7998437507738325
3.8210337777926893
3.7868918535346068
3.758870619415028
3.8544337909820117
3.7045333528033653
3.8279729548328993
3.8207168072280524
3.7977803849724197
3.854433790982011
3.800860885858898
3.800497562960808
3.752367633875558
3.8467740254246197
3.884373587245974
3.8208590315229953
3.7151279170353813
3.7526632818886156
3.8295333528033657
3.840825502193724
3.7998437507738325
3.8210337777926893
3.7868918535346068
3.758870619415028
3.8544337909820117
3.7045333528033653
3.8279729548328993
3.8207168072280524
3.7977803849724197
3.854433790982011
3.800860885858898
3.800497562960808
3.752367633875558
3.8467740254246197
3.884373587245974
3.8208590315229953
3.7151279170353813
3.7526632818886156
3.8295333528033657
3.840825502193724
3.7998437507738325
3.8210337777926893
3.7868918535346068
3.758870619415028
3.8544337909820117
3.7045333528033653
3.8279729548328993
3.8207168072280524
3.7977803849724197
3.854433790982011
3.800860885858898
3.800497562960808
3.752367633875558
3.8467740254246197
3.884373587245974
3.8208590315229953
3.7151279170353813
3.7526632818886156
3.8295333528033657
3.840825502193724
3.7998437507738325
3.8210337777926893
3.7868918535346068
3.758870619415028
3.8544337909820117
3.7045333528033653
3.8279729548328993
3.8207168072280524
3.7977803849724197
3.854433790982011
3.800860885858898
3.800497562960808
3.752367633875558
3.8467740254246197
3.884373587245974
3.8208590315229953
3.7151279170353813
3.7526632818886156
3.8295333528033657
3.840825502193724
3.7998437507738325
3.8210337777926893
3.7868918535346068
3.758870619415028
3.8544337909820117
3.7045333528033653
3.8279729548328993
3.8207168072280524
3.7977803849724197
3.854433790982011
3.800860885858898
3.800497562960808
3.752367633875558
3.8467740254246197
3.884373587245974
3.8208590315229953
3.7151279170353813
3.7526632818886156
3.8295333528033657
3.840825502193724
3.7998437507738325
3.8210337777926893
3.7868918535346068
3.758870619415028
3.8544337909820117
3.7045333528033653
3.8279729548328993
3.8207168072280524
3.7977803849724197
3.854433790982011
3.800860885858898
3.800497562960808
3.752367633875558
3.8467740254246197
3.884373587245974
3.8208590315229953
3.7151279170353813
3.7526632818886156
3.8295333528033657
3.840825502193724
3.7998437507738325
3.8210337777926893
3.7868918535346068
3.758870619415028
3.8544337909820117
3.7045333528033653
3.8279729548328993
3.8207168072280524
3.7977803849724197
3.854433790982011
3.800860885858898
3.800497562960808
3.752367633875558
3.8467740254246197
3.884373587245974
3.8208590315229953
3.7151279170353813
3.7526632818886156
3.8295333528033657
3.840825502193724
3.7998437507738325
3.8210337777926893
3.7868918535346068
3.758870619415028
3.8544337909820117
3.7045333528033653
3.8279729548328993
3.8207168072280524
3.7977803849724197
3.854433790982011
3.800860885858898
3.800497562960808
3.752367633875558
3.8467740254246197
3.884373587245974
3.8208590315229953
3.7151279170353813
3.7526632818886156
3.8295333528033657
3.840825502193724
3.7998437507738325
3.8210337777926893
3.7868918535346068
3.758870619415028
3.8544337909820117
3.7045333528033653
3.8279729548328993
3.8207168072280524
3.7977803849724197
3.854433790982011
3.800860885858898
3.800497562960808
3.752367633875558
3.8467740254246197
3.884373587245974
3.8208590315229953
3.7151279170353813
3.7526632818886156
3.8295333528033657
3.840825502193724
3.7998437507738325
3.8210337777926893
3.7868918535346068
3.758870619415028
3.8544337909820117
3.7045333528033653
3.8279729548328993
3.8207168072280524
3.7977803849724197
3.854433790982011
3.800860885858898
3.800497562960808
3.752367633875558
3.8467740254246197
3.884373587245974
3.8208590315229953
3.7151279170353813
3.7526632818886156
3.8295333528033657
3.840825502193724
3.7998437507738325
3.8210337777926893
3.7868918535346068
3.758870619415028
3.8544337909820117
3.7045333528033653
3.8279729548328993
3.8207168072280524
3.7977803849724197
3.854433790982011
3.800860885858898
3.800497562960808
3.752367633875558
3.8467740254246197
3.884373587245974
3.8208590315229953
3.7151279170353813
3.7526632818886156
3.8295333528033657
3.840825502193724
3.7998437507738325
3.8210337777926893
3.7868918535346068
3.758870619415028
3.8544337909820117
3.7045333528033653
3.8279729548328993
3.8207168072280524
3.7977803849724197
3.854433790982011
3.800860885858898
3.800497562960808
3.752367633875558
3.8467740254246197
3.884373587245974
3.8208590315229953
3.7151279170353813
