0
143
128
124
127
129
128
120
124
138
116
125
124
112
135
118
119
131
135
118
143
0
125
119
114
128
117
125
127
129
117
128
127
123
128
141
126
122
116
127
128
125
0
124
119
129
130
120
126
130
140
127
114
134
139
118
129
141
129
112
124
119
124
0
125
123
138
126
128
132
128
119
112
124
117
118
109
123
129
126
127
114
119
125
0
120
115
117
125
127
121
118
123
139
128
113
134
128
116
137
129
128
129
123
120
0
123
109
147
121
143
126
119
125
126
129
142
130
118
123
128
117
130
138
115
123
0
132
134
132
124
131
134
130
135
130
133
125
147
130
120
125
120
126
117
109
132
0
142
116
132
119
122
136
131
120
127
135
125
118
124
127
126
128
125
147
134
142
0
136
124
131
126
112
125
120
127
133
137
114
138
129
130
132
127
121
132
116
136
0
136
123
126
144
135
136
125
127
131
132
116
117
140
128
121
143
124
132
124
136
0
137
132
142
121
116
113
131
127
138
125
128
127
119
118
126
131
119
131
123
137
0
125
119
132
119
128
126
134
127
124
127
114
112
123
119
134
122
126
126
132
125
0
132
125
120
129
141
135
132
112
123
134
124
139
125
130
136
112
144
142
119
132
0
127
138
137
127
121
112
135
128
139
117
128
126
135
131
125
135
121
132
125
127
0
123
130
134
134
131
118
141
118
118
113
129
130
120
120
136
116
119
120
138
123
0
115
125
149
138
119
126
129
109
134
142
133
127
127
125
113
128
129
137
130
115
0
122
136
133
131
122
141
123
128
130
125
135
133
127
131
126
141
127
134
125
122
0
132
127
135
116
129
129
116
118
147
125
137
131
127
134
135
121
134
149
136
132
0
119
118
127
112
126
137
123
130
118
114
132
138
127
132
112
131
138
133
127
119
0
