0
55
57
58
51
57
59
54
53
55
52
55
56
56
56
54
54
57
57
57
55
0
56
54
57
57
54
55
54
58
56
57
54
54
54
57
56
53
54
55
57
56
0
58
55
54
52
54
56
56
57
55
56
55
56
55
53
55
55
55
58
54
58
0
53
56
53
56
55
54
56
55
56
53
56
54
56
54
55
55
51
57
55
53
0
55
51
59
55
57
54
55
55
55
54
54
55
52
58
53
57
57
54
56
55
0
57
57
56
53
50
54
57
55
55
54
58
53
56
56
59
54
52
53
51
57
0
55
54
54
55
57
55
57
54
56
54
57
54
56
54
55
54
56
59
57
55
0
50
54
57
56
58
57
57
52
60
53
54
53
53
54
56
55
55
56
54
50
0
55
56
57
52
57
56
53
56
55
53
55
55
58
56
54
57
53
54
54
55
0
54
54
54
57
58
53
57
55
53
52
52
56
57
56
54
50
55
57
56
54
0
52
57
55
56
54
54
53
54
56
55
57
55
55
55
54
57
56
57
54
52
0
56
57
50
56
55
53
55
56
56
54
56
56
55
57
55
58
52
54
57
56
0
57
57
57
55
57
56
59
56
54
55
53
55
55
57
57
57
57
55
57
57
0
51
57
57
55
56
55
56
54
56
56
54
55
54
57
56
58
56
50
57
51
0
58
50
55
59
58
54
57
55
54
54
54
56
52
53
53
54
56
57
57
58
0
57
52
54
54
54
56
53
56
55
58
54
60
56
57
54
55
55
57
50
57
0
52
58
55
57
53
55
54
52
53
57
53
55
55
53
53
57
55
55
52
52
0
55
57
57
54
55
55
58
56
54
54
53
53
54
55
56
56
59
54
58
55
0
54
57
55
55
55
53
56
56
53
55
52
56
56
59
55
58
54
55
57
54
0
